10    10     19034.0      538.5263734
10    12     18548.0      571.4843745
12    10     19006.0      554.7467878
14    14     17790.0      568.2884285
14    16     17420.0      563.4781638
16    14     18245.0      562.4287913000003
20    20     16915.0      499.3837899
20    22     17077.0      496.0524061999995
22    20     17372.0      499.3800898999998
24    24     16871.0      489.69571110000015
24    26     16936.0      484.26839029999974
26    24     16658.0      488.4957634000002
30    30     16838.0      489.6679898000002
