0        34231.0      22.551671499999998       23.757952900000006
1        34889.0      22.539436100000003       23.304846399999988
2        32968.0      22.9069334       23.678690800000012
3        31479.0      22.723707700000006       23.536882399999996
4        34820.0      22.8332044       23.623220099999998
5        34169.0      22.41382660000002       23.17149520000001
6        33354.0      22.69435569999999       23.480525099999994
7        33816.0      22.506617100000028       23.280995399999966
8        36005.0      22.38228909999998       23.152842799999974
9        34302.0      22.25106629999999       23.04405879999996
