0        46804.000000000015      36.964755600000004       38.3305201
1        49048.0      36.9179506       38.2768354
2        47449.0      36.909641199999996       38.19138869999999
3        47055.0      37.06922610000001       38.34393470000002
4        43676.0      37.017888699999986       38.32682070000001
5        43046.0      37.4407928       38.78884000000002
6        47487.0      37.7305891       39.0899163
7        48431.0      37.151695700000005       38.43049180000003
8        43009.0      37.5562089       38.842228999999975
9        48776.0      37.78607420000003       39.109436800000026
