0        67462.0      126.9960221       130.73037819999996
1        50711.0      126.98759580000001       129.9458684
2        71806.0      128.57364540000003       132.00360160000002
3        63682.0      127.47112230000005       130.0792139
4        70494.0      127.10126259999993       130.2068104000001
5        56510.0      128.4906175000001       132.05224909999993
6        64384.0      129.7379358999999       132.7865561000001
7        52032.0      127.61061889999996       130.81928449999987
8        50645.0      128.27981239999986       131.75664940000001
9        57991.0      124.9311239000001       128.04706810000016
