0        23652.0      6.6244681       7.0884231
1        22253.0      6.586946199999998       6.998162100000002
2        23227.0      6.766441399999998       7.183277399999998
3        20638.0      6.602207400000001       7.0110128
4        23505.0      6.599719300000004       7.029515599999996
5        20396.0      6.6278778       7.0454717
6        25941.0      6.617569199999998       7.0344181000000034
7        24542.0      6.6711253       7.108567000000001
8        21935.0      6.645993400000009       7.063169200000004
9        24695.0      6.680690499999997       7.107805799999994
