3      3      1822.0      0.003211600000000203       0.039001099999999234
3      5      1623.0      0.003159800000000601       0.03135710000000014
5      3      1993.0      0.005379800000000046       0.03428919999999991
10      7      2255.0      0.010643799999999537       0.03372709999999923
7      10      2152.0      0.007312599999999669       0.03222449999999988
5      5      4141.0      0.016502000000000017       0.07108990000000048
10      12      4351.0      0.02212499999999995       0.06177990000000033
12      10      4515.0      0.029845400000000133       0.07585430000000049
12      15      4511.0      0.025437699999999452       0.0647291000000001
15      12      4539.0      0.03322100000000017       0.08046310000000023
7      7      2326.0      0.04334360000000004       0.1084606000000008
12      12      2620.0      0.07283809999999935       0.13271619999999995
16      14      2806.0      0.06316950000000077       0.13213780000000064
14      16      2679.0      0.05972320000000053       0.11562560000000044
16      16      2801.0      0.06280009999999958       0.10944549999999964
10      10      7218.0      0.09998139999999989       0.20257760000000058
10      15      6966.0      0.08350370000000051       0.16317249999999994
20      16      7710.0      0.16958040000000008       0.24515149999999952
16      20      7254.0      0.1354204000000001       0.2147093
26      26      7975.0      0.22652999999999945       0.3011438999999996
15      15      7306.0      0.2615943999999999       0.39583060000000003
15      20      7023.0      0.22475169999999967       0.3264921999999997
20      25      7336.0      0.2935838000000004       0.3944473000000004
25      20      7659.0      0.3679603       0.49426470000000045
30      30      7660.0      0.45503180000000043       0.5552606000000004
20      20      10478.0      0.49280159999999995       0.6353734000000006
30      30      10766.0      0.6871020000000012       0.8269570000000002
30      35      10645.0      0.7218110000000006       0.8650181000000003
35      30      11162.0      0.8121289999999988       0.9531075999999992
40      40      11386.0      0.9231093999999995       1.062220100000001
