3     3      1924.0      51.9384037
3     5      1899.0      49.150582199999995
5     3      1924.0      50.57640380000001
10     7      2152.0      48.643976400000014
7     10      2243.0      38.964557499999984
5     5      4126.0      85.24186610000001
10     12      4369.0      71.34282499999995
12     10      4158.0      78.50411820000005
12     15      4586.0      61.127401899999995
15     12      4384.0      75.4203506
7     7      2435.0      82.27735180000002
12     12      2403.0      85.99100529999998
16     14      2449.0      82.78349070000002
14     16      2562.0      79.27645239999993
16     16      2534.0      79.90849649999984
10     10      6616.0      122.49745069999994
10     15      6488.0      120.94265300000006
20     16      6477.0      114.25610230000007
16     20      6562.0      112.42176539999991
26     26      7265.0      105.94621230000007
15     15      6685.0      154.34525780000013
15     20      6289.0      153.44239859999993
20     25      6550.0      146.7363929999999
25     20      6396.0      153.64466459999994
30     30      6339.0      147.18222590000005
20     20      9429.0      205.2802959999999
30     30      9135.0      200.34439599999996
30     35      9190.0      193.76917719999983
35     30      9038.0      202.6580683000002
40     40      9576.0      192.95479849999992
