0        1749.0      0.00677630000000029       0.06965250000000012
1        2395.0      0.0064088999999993845       0.15911469999999994
2        2089.0      0.006958400000000253       0.07071779999999972
3        2670.0      0.006517700000000737       0.08300980000000013
4        2411.0      0.006764999999999688       0.05583520000000064
5        3304.0      0.007027700000000081       0.06662070000000053
6        2242.0      0.00628239999999991       0.05960140000000003
7        2916.0      0.006990000000000052       0.06690790000000035
8        1710.0      0.006900299999999859       0.08855400000000024
9        2584.0      0.00658150000000024       0.059690699999999985
