0        4430.0      0.028185099999999963       0.16176130000000022
1        4982.0      0.025364699999999907       0.13209180000000043
2        4369.0      0.02534889999999912       0.14662300000000084
3        4722.0      0.031640900000000194       0.17700550000000081
4        5059.0      0.02562160000000091       0.14285820000000093
5        3992.0      0.02727780000000024       0.13600169999999956
6        4934.0      0.025871999999999673       0.13861729999999994
7        4003.0      0.02599410000000013       0.13234040000000036
8        4553.0      0.025584200000000834       0.1298300999999995
9        5362.999999999998      0.025365700000000047       0.14831159999999954
