0        3716.0      0.016480900000000354       0.11174890000000026
1        3881.0      0.01582870000000014       0.10863859999999992
2        3444.0      0.014575300000000624       0.08625319999999981
3        3531.0      0.01460560000000033       0.09632499999999933
4        5040.0      0.01478550000000034       0.08757009999999976
5        4701.0      0.014584199999999825       0.09543890000000044
6        3384.0      0.014445399999999609       0.0863902000000003
7        2618.0      0.017570599999999992       0.09344809999999981
8        3536.0      0.01441289999999995       0.08846730000000047
9        2926.0      0.014897900000000242       0.10016200000000008
