0        2895.0      0.0033393999999997703       0.1468058000000001
1        1913.0      0.004207400000000305       0.05186980000000041
2        1621.0      0.00329770000000007       0.042999499999999635
3        2347.0      0.0033644999999999925       0.06351120000000066
4        2586.0      0.0033764999999998935       0.06411709999999982
5        2183.0      0.0033487999999994855       0.055076299999999634
6        1489.0      0.0036199000000003423       0.0524072999999996
7        2058.0      0.0038434000000000523       0.04915130000000012
8        2433.0      0.0036781000000001285       0.04438790000000026
9        2775.0      0.003348100000000187       0.0592429000000001
