0        1333.0      0.002584899999999557       0.037987000000000215
1        1149.0      0.0016774999999995543       0.032551200000000335
2        1419.0      0.0016408999999999452       0.039391900000000035
3        1689.0      0.001730999999999483       0.029906099999999824
4        1850.0      0.0017876999999995036       0.0346971000000007
5        1159.0      0.0016916000000000153       0.03407089999999968
6        1724.0      0.0016507999999992862       0.03140099999999979
7        1582.0      0.001684599999999925       0.03478629999999949
8        1087.0      0.0017371999999999943       0.03208460000000013
9        1701.0      0.001642999999999617       0.03785460000000018
