0        6840.0      0.03899049999999882       0.2137922999999997
1        5776.0      0.04220100000000038       0.22107260000000117
2        6113.0      0.04033350000000091       0.1861940999999998
3        6489.0      0.04012479999999918       0.1963310000000007
4        5541.0      0.04003730000000161       0.19473200000000013
5        6752.0      0.040335699999999974       0.18422069999999913
6        6263.0      0.0395512999999994       0.1917781999999999
7        7627.0      0.040008000000000266       0.18234700000000004
8        6947.0      0.04044309999999918       0.20117609999999964
9        6818.0      0.03918749999999882       0.19286210000000104
