0        10729.0      12014.0    14474.0     1800.1552149000017
1        9336.0      10670.0    12521.0     1500.1185988999998
2        9990.0      11697.0    14489.0     1500.2261176999998
3        9561.000000000002      11109.0    12650.0     1500.2277549999994
4        9624.0      10761.0    12623.0     1500.2440562000002
5        12474.0      14272.0    18225.0     1500.2693849999996
6        11568.999999999998      13233.0    14792.0     1500.2665421000002
7        13180.999999999998      14750.0    16130.0     1500.2271751000007
8        11572.0      12826.0    16272.0     1485.9236907000013
9        10685.0      12302.0    13804.0     1500.1576845
      